selection: [([7], 2, 1, 1, 1, 0), ([4], 1, 1, 1, 1, 0), ([5], 1, 2, 1, 1, 0), ([8], 2, 2, 1, 1, 0), ([0], 0, 0, 1, 1, 0), ([2], 0, 2, 1, 1, 0), ([6], 2, 0, 1, 1, 0), ([1], 0, 1, 1, 1, 0), ([3], 1, 0, 1, 1, 0)]
[('deutsch_n2',), ('cat_state_n4',), ('cat_state_n4',), ('linearsolver_n3',), ('bell_n4',), ('bell_n4',), ('simon_n6',), ('qaoa_n6',), ('dnn_n8',)]
d4s4thvt3pms7398rl6g combined 9
remaining job queue:
[25, 16, 5, 10, 8, 3, 0, 9, 14, 6, 3, 19, 3, 0, 26, 8, 27, 2, 10, 21, 3, 8, 5, 18, 22, 18, 24, 19, 0, 17, 21, 25, 22, 6, 0, 18, 5, 23, 15, 12, 23]

selection: [([5], 1, 2, 1, 1, 0), ([6], 2, 0, 1, 1, 0), ([7], 2, 1, 1, 1, 0), ([8], 2, 2, 1, 1, 0), ([1], 0, 1, 1, 1, 0), ([4], 1, 1, 1, 1, 0), ([3], 1, 0, 1, 1, 0), ([2], 0, 2, 1, 1, 0), ([0], 0, 0, 1, 1, 0)]
[('quantumwalks_n2',), ('dnn_n2',), ('linearsolver_n3',), ('hs4_n4',), ('variational_n4',), ('toffoli_n3',), ('basis_change_n3',), ('fredkin_n3',), ('simon_n6',)]
d4s4ti4fitbs739ij3j0 combined 9
remaining job queue:
[6, 3, 19, 3, 0, 26, 8, 27, 2, 10, 21, 3, 8, 5, 18, 22, 18, 24, 19, 0, 17, 21, 25, 22, 6, 0, 18, 5, 23, 15, 12, 23]

selection: [([7], 2, 1, 1, 1, 0), ([0], 0, 0, 1, 1, 0), ([8], 2, 2, 1, 1, 0), ([1], 0, 1, 1, 1, 0), ([3], 1, 0, 1, 1, 0), ([4], 1, 1, 1, 1, 0), ([6], 2, 0, 1, 1, 0), ([5], 1, 2, 1, 1, 0), ([2], 0, 2, 1, 1, 0)]
[('bb84_n8',), ('teleportation_n3',), ('grover_n2',), ('quantumwalks_n2',), ('quantumwalks_n2',), ('dnn_n2',), ('toffoli_n3',), ('dnn_n8',), ('basis_trotter_n4',)]
d4s4ti3her1c73bcu14g combined 9
remaining job queue:
[10, 21, 3, 8, 5, 18, 22, 18, 24, 19, 0, 17, 21, 25, 22, 6, 0, 18, 5, 23, 15, 12, 23]

selection: [([1], 1, 2, 1, 1, 0), ([2], 0, 2, 1, 1, 0), ([3], 1, 0, 1, 1, 0), ([0], 0, 0, 1, 1, 0), ([5], 0, 1, 1, 1, 0), ([7], 2, 1, 1, 1, 0), ([4], 1, 1, 1, 1, 0), ([6], 2, 0, 1, 1, 0), ([8], 2, 2, 1, 1, 0)]
[('lpn_n5',), ('quantumwalks_n2',), ('toffoli_n3',), ('basis_change_n3',), ('vqe_n4',), ('vqe_n4',), ('fredkin_n3',), ('error_correctiond3_n5',), ('qaoa_n6',)]
d4s4tjc5fjns73d21gu0 combined 9
remaining job queue:
[19, 0, 17, 21, 25, 22, 6, 0, 18, 5, 23, 15, 12, 23]

selection: [([3], 1, 0, 1, 1, 0), ([6], 2, 0, 1, 1, 0), ([1], 0, 1, 1, 1, 0), ([7], 2, 1, 1, 1, 0), ([8], 2, 2, 1, 1, 0), ([2], 0, 2, 1, 1, 0), ([4], 1, 1, 1, 1, 0), ([5], 1, 2, 1, 1, 0), ([0], 0, 0, 1, 1, 0)]
[('lpn_n5',), ('teleportation_n3',), ('dnn_n2',), ('dnn_n2',), ('vqe_n4',), ('adder_n4',), ('simon_n6',), ('error_correctiond3_n5',), ('basis_trotter_n4',)]
d4s4tjvt3pms7398rl8g combined 9
remaining job queue:
[5, 23, 15, 12, 23]

selection: [([2], 0, 2, 1, 1, 0), ([0], 0, 0, 1, 1, 0), ([1], 0, 1, 1, 1, 0), ([4], 1, 1, 1, 1, 0), ([3], 1, 0, 1, 1, 0)]
[('qrng_n4',), ('fredkin_n3',), ('qec_en_n5',), ('qec_en_n5',), ('qft_n4',)]
d4s4tkcfitbs739ij3m0 combined 5
remaining job queue:
[]

