selection: [([7], 2, 2, 1, 1, 0), ([4], 1, 2, 1, 1, 0), ([5], 2, 0, 1, 1, 0), ([0], 0, 0, 1, 1, 0), ([2], 0, 2, 1, 1, 0), ([6], 2, 1, 1, 1, 0), ([1], 0, 1, 1, 1, 0), ([3], 1, 0, 1, 2, 0)]
[('deutsch_n2',), ('cat_state_n4',), ('cat_state_n4',), ('bell_n4',), ('bell_n4',), ('simon_n6',), ('qaoa_n6',), ('dnn_n8',)]
d4sjbpc5fjns73d2g4n0 combined 8
remaining job queue:
[9, 25, 16, 5, 10, 8, 3, 0, 9, 14, 6, 3, 19, 3, 0, 26, 8, 27, 2, 10, 21, 3, 8, 5, 18, 22, 18, 24, 19, 0, 17, 21, 25, 22, 6, 0, 18, 5, 23, 15, 12, 23]

selection: [([6], 1, 0, 1, 1, 0), ([7], 2, 1, 1, 1, 0), ([0], 0, 0, 1, 1, 0), ([8], 2, 2, 1, 1, 0), ([5], 1, 2, 1, 1, 0), ([2], 2, 0, 1, 1, 0), ([4], 0, 1, 1, 1, 0), ([3], 1, 1, 1, 1, 0), ([1], 0, 2, 1, 1, 0)]
[('quantumwalks_n2',), ('dnn_n2',), ('linearsolver_n3',), ('linearsolver_n3',), ('toffoli_n3',), ('variational_n4',), ('basis_change_n3',), ('fredkin_n3',), ('simon_n6',)]
d4sjbpnt3pms7399acm0 combined 9
remaining job queue:
[14, 6, 3, 19, 3, 0, 26, 8, 27, 2, 10, 21, 3, 8, 5, 18, 22, 18, 24, 19, 0, 17, 21, 25, 22, 6, 0, 18, 5, 23, 15, 12, 23]

selection: [([1], 1, 1, 1, 1, 0), ([2], 0, 2, 1, 1, 0), ([4], 0, 1, 1, 1, 0), ([5], 1, 2, 1, 1, 0), ([0], 0, 0, 1, 1, 0), ([7], 2, 2, 1, 1, 0), ([6], 2, 0, 1, 2, 0), ([3], 1, 0, 1, 1, 0)]
[('teleportation_n3',), ('quantumwalks_n2',), ('quantumwalks_n2',), ('dnn_n2',), ('hs4_n4',), ('toffoli_n3',), ('dnn_n8',), ('basis_trotter_n4',)]
d4sjbps5fjns73d2g4o0 combined 8
remaining job queue:
[27, 2, 10, 21, 3, 8, 5, 18, 22, 18, 24, 19, 0, 17, 21, 25, 22, 6, 0, 18, 5, 23, 15, 12, 23]

selection: [([0], 0, 0, 1, 2, 0), ([1], 0, 2, 1, 1, 0), ([3], 1, 1, 1, 1, 0), ([4], 1, 2, 1, 1, 0), ([5], 2, 0, 1, 1, 0), ([2], 1, 0, 1, 1, 0), ([7], 2, 2, 1, 1, 0), ([6], 2, 1, 1, 1, 0)]
[('bb84_n8',), ('grover_n2',), ('lpn_n5',), ('quantumwalks_n2',), ('toffoli_n3',), ('basis_change_n3',), ('vqe_n4',), ('fredkin_n3',)]
d4sjbr7t3pms7399acog combined 8
remaining job queue:
[22, 18, 24, 19, 0, 17, 21, 25, 22, 6, 0, 18, 5, 23, 15, 12, 23]

selection: [([6], 2, 0, 1, 1, 0), ([4], 0, 2, 1, 1, 0), ([1], 0, 1, 1, 1, 0), ([5], 1, 2, 1, 1, 0), ([7], 2, 1, 1, 1, 0), ([0], 0, 0, 1, 1, 0), ([8], 2, 2, 1, 1, 0), ([2], 1, 0, 1, 1, 0), ([3], 1, 1, 1, 1, 0)]
[('lpn_n5',), ('dnn_n2',), ('vqe_n4',), ('adder_n4',), ('simon_n6',), ('error_correctiond3_n5',), ('error_correctiond3_n5',), ('qaoa_n6',), ('basis_trotter_n4',)]
d4sjbrvt3pms7399acpg combined 9
remaining job queue:
[6, 0, 18, 5, 23, 15, 12, 23]

selection: [([7], 2, 1, 1, 1, 0), ([4], 1, 2, 1, 1, 0), ([5], 2, 0, 1, 1, 0), ([0], 0, 0, 1, 1, 0), ([2], 0, 2, 1, 1, 0), ([6], 2, 2, 1, 1, 0), ([1], 0, 1, 1, 1, 0), ([3], 1, 0, 1, 2, 0)]
[('deutsch_n2',), ('cat_state_n4',), ('cat_state_n4',), ('bell_n4',), ('bell_n4',), ('simon_n6',), ('qaoa_n6',), ('dnn_n8',)]
d4sjcfjher1c73bdcm40 combined 8
remaining job queue:
[9, 25, 16, 5, 10, 8, 3, 0, 9, 14, 6, 3, 19, 3, 0, 26, 8, 27, 2, 10, 21, 3, 8, 5, 18, 22, 18, 24, 19, 0, 17, 21, 25, 22, 6, 0, 18, 5, 23, 15, 12, 23]

selection: [([6], 1, 1, 1, 1, 0), ([7], 2, 2, 1, 1, 0), ([0], 0, 0, 1, 1, 0), ([8], 2, 1, 1, 1, 0), ([2], 0, 1, 1, 1, 0), ([5], 1, 2, 1, 1, 0), ([4], 2, 0, 1, 1, 0), ([3], 1, 0, 1, 1, 0), ([1], 0, 2, 1, 1, 0)]
[('quantumwalks_n2',), ('dnn_n2',), ('linearsolver_n3',), ('linearsolver_n3',), ('variational_n4',), ('toffoli_n3',), ('basis_change_n3',), ('fredkin_n3',), ('simon_n6',)]
d4sjcfsfitbs739j1abg combined 9
remaining job queue:
[14, 6, 3, 19, 3, 0, 26, 8, 27, 2, 10, 21, 3, 8, 5, 18, 22, 18, 24, 19, 0, 17, 21, 25, 22, 6, 0, 18, 5, 23, 15, 12, 23]

selection: [([1], 0, 1, 1, 1, 0), ([2], 0, 2, 1, 1, 0), ([4], 1, 1, 1, 1, 0), ([5], 2, 0, 1, 1, 0), ([0], 0, 0, 1, 1, 0), ([7], 1, 2, 1, 1, 0), ([6], 2, 1, 1, 2, 0), ([3], 1, 0, 1, 1, 0)]
[('teleportation_n3',), ('quantumwalks_n2',), ('quantumwalks_n2',), ('dnn_n2',), ('hs4_n4',), ('toffoli_n3',), ('dnn_n8',), ('basis_trotter_n4',)]
d4sjcg7t3pms7399adhg combined 8
remaining job queue:
[27, 2, 10, 21, 3, 8, 5, 18, 22, 18, 24, 19, 0, 17, 21, 25, 22, 6, 0, 18, 5, 23, 15, 12, 23]

selection: [([0], 0, 0, 1, 2, 0), ([1], 0, 2, 1, 1, 0), ([3], 1, 1, 1, 1, 0), ([4], 1, 2, 1, 1, 0), ([5], 2, 0, 1, 1, 0), ([2], 1, 0, 1, 1, 0), ([7], 2, 2, 1, 1, 0), ([6], 2, 1, 1, 1, 0)]
[('bb84_n8',), ('grover_n2',), ('lpn_n5',), ('quantumwalks_n2',), ('toffoli_n3',), ('basis_change_n3',), ('vqe_n4',), ('fredkin_n3',)]
d4sjchbher1c73bdcm60 combined 8
remaining job queue:
[22, 18, 24, 19, 0, 17, 21, 25, 22, 6, 0, 18, 5, 23, 15, 12, 23]

selection: [([6], 2, 0, 1, 1, 0), ([4], 1, 1, 1, 1, 0), ([1], 0, 1, 1, 1, 0), ([5], 1, 2, 1, 1, 0), ([7], 2, 2, 1, 1, 0), ([0], 0, 0, 1, 1, 0), ([8], 2, 1, 1, 1, 0), ([2], 0, 2, 1, 1, 0), ([3], 1, 0, 1, 1, 0)]
[('lpn_n5',), ('dnn_n2',), ('vqe_n4',), ('adder_n4',), ('simon_n6',), ('error_correctiond3_n5',), ('error_correctiond3_n5',), ('qaoa_n6',), ('basis_trotter_n4',)]
d4sjchs5fjns73d2g5l0 combined 9
remaining job queue:
[6, 0, 18, 5, 23, 15, 12, 23]

selection: [([5], 0, 0, 1, 1, 0), ([0], 2, 0, 1, 1, 0), ([1], 0, 2, 1, 1, 0), ([2], 1, 0, 1, 1, 0), ([4], 1, 1, 1, 1, 0), ([7], 2, 1, 1, 1, 0), ([3], 0, 1, 1, 1, 0), ([6], 1, 2, 1, 1, 0)]
[('qrng_n4',), ('teleportation_n3',), ('dnn_n2',), ('vqe_n4',), ('qec_en_n5',), ('qec_en_n5',), ('fredkin_n3',), ('qft_n4',)]
d4sjci45fjns73d2g5lg combined 8
remaining job queue:
[]

