selection: [([0], 0, 0, 1, 1, 0), ([1], 0, 1, 1, 1, 0), ([2], 0, 2, 1, 1, 0), ([3], 1, 0, 1, 2, 0), ([4], 1, 2, 1, 1, 0), ([5], 2, 0, 1, 1, 0), ([6], 2, 1, 1, 1, 0), ([7], 2, 2, 1, 1, 0)]
[('bell_n4',), ('qaoa_n6',), ('bell_n4',), ('dnn_n8',), ('cat_state_n4',), ('cat_state_n4',), ('simon_n6',), ('deutsch_n2',)]
d4sm1rs5fjns73d2jpp0 combined 8
remaining job queue:
[9, 25, 16, 5, 10, 8, 3, 0, 9, 14, 6, 3, 19, 3, 0, 26, 8, 27, 2, 10, 21, 3, 8, 5, 18, 22, 18, 24, 19, 0, 17, 21, 25, 22, 6, 0, 18, 5, 23, 15, 12, 23]

selection: [([0], 0, 0, 1, 1, 0), ([1], 0, 1, 1, 1, 0), ([2], 0, 2, 1, 1, 0), ([3], 1, 0, 1, 1, 0), ([4], 1, 1, 1, 1, 0), ([5], 1, 2, 1, 1, 0), ([6], 2, 0, 1, 1, 0), ([7], 2, 1, 1, 1, 0), ([8], 2, 2, 1, 1, 0)]
[('linearsolver_n3',), ('simon_n6',), ('variational_n4',), ('fredkin_n3',), ('basis_change_n3',), ('toffoli_n3',), ('quantumwalks_n2',), ('dnn_n2',), ('linearsolver_n3',)]
d4sm1rs5fjns73d2jppg combined 9
remaining job queue:
[14, 6, 3, 19, 3, 0, 26, 8, 27, 2, 10, 21, 3, 8, 5, 18, 22, 18, 24, 19, 0, 17, 21, 25, 22, 6, 0, 18, 5, 23, 15, 12, 23]

selection: [([0], 0, 0, 1, 1, 0), ([1], 0, 1, 1, 1, 0), ([2], 0, 2, 1, 1, 0), ([3], 1, 0, 1, 1, 0), ([4], 1, 1, 1, 1, 0), ([5], 1, 2, 1, 1, 0), ([6], 2, 0, 1, 2, 0), ([7], 2, 2, 1, 1, 0)]
[('hs4_n4',), ('teleportation_n3',), ('quantumwalks_n2',), ('basis_trotter_n4',), ('quantumwalks_n2',), ('dnn_n2',), ('dnn_n8',), ('toffoli_n3',)]
d4sm1s7t3pms7399dcf0 combined 8
remaining job queue:
[27, 2, 10, 21, 3, 8, 5, 18, 22, 18, 24, 19, 0, 17, 21, 25, 22, 6, 0, 18, 5, 23, 15, 12, 23]

selection: [([0], 0, 0, 1, 2, 0), ([1], 0, 2, 1, 1, 0), ([2], 1, 0, 1, 1, 0), ([3], 1, 1, 1, 1, 0), ([4], 1, 2, 1, 1, 0), ([5], 2, 0, 1, 1, 0), ([6], 2, 1, 1, 1, 0), ([7], 2, 2, 1, 1, 0)]
[('bb84_n8',), ('grover_n2',), ('basis_change_n3',), ('lpn_n5',), ('quantumwalks_n2',), ('toffoli_n3',), ('fredkin_n3',), ('vqe_n4',)]
d4sm1tbher1c73bdfnp0 combined 8
remaining job queue:
[22, 18, 24, 19, 0, 17, 21, 25, 22, 6, 0, 18, 5, 23, 15, 12, 23]

selection: [([0], 0, 0, 1, 1, 0), ([1], 0, 1, 1, 1, 0), ([2], 0, 2, 1, 1, 0), ([3], 1, 0, 1, 1, 0), ([4], 1, 1, 1, 1, 0), ([5], 1, 2, 1, 1, 0), ([6], 2, 0, 1, 1, 0), ([7], 2, 1, 1, 1, 0), ([8], 2, 2, 1, 1, 0)]
[('error_correctiond3_n5',), ('vqe_n4',), ('qaoa_n6',), ('basis_trotter_n4',), ('dnn_n2',), ('adder_n4',), ('lpn_n5',), ('simon_n6',), ('error_correctiond3_n5',)]
d4sm1ts5fjns73d2jpsg combined 9
remaining job queue:
[6, 0, 18, 5, 23, 15, 12, 23]

selection: [([0], 0, 0, 1, 1, 0), ([1], 0, 1, 1, 1, 0), ([2], 0, 2, 1, 1, 0), ([3], 1, 0, 1, 1, 0), ([4], 1, 1, 1, 1, 0), ([5], 1, 2, 1, 1, 0), ([6], 2, 0, 1, 1, 0), ([7], 2, 1, 1, 1, 0)]
[('teleportation_n3',), ('dnn_n2',), ('vqe_n4',), ('fredkin_n3',), ('qec_en_n5',), ('qrng_n4',), ('qft_n4',), ('qec_en_n5',)]
d4sm1u4fitbs739j49g0 combined 8
remaining job queue:
[]

